
H
He

1,00794
4,002602

1
2




Li
Be
B
C
N
O
F
Ne

6,941
9,012182
10,811
12,0107
14,00674
15,9994
18,9984032
20,1797

3
4
5
6
7
8
9
10







Na
Mg
Al
Si
P
S
Cl
Ar

22.98976928
24,3050
26,9815386
28,0855
30,973762
32,066
35,4527
39,948

11
12
13
14
15
16
17
18






K
Ca
Sc
Ti
V
Cr
Mn
Fe
Co
Ni
Cu
Zn
Ga
Ge
As
Se
Br
Kr

39,0983
40,078
44,955912
47,867
50,9415
51,9961
54,938045
55,845
58,933195
58,6934
63,546
65,39
69,723
72,61
74,92160
78,96
79,904
83,80

19
20
21
22
23
24
25
26
27
28
29
30
31
32
33
34
35
36








Rb
Sr
Y
Zr
Nb
Mo
Tc
Ru
Rh
Pd
Ag
Cd
In
Sn
Sb
Te
I
Xe

85,4678
87,62
88,90585
91,224
92,90638
95,94
97,9072
101,07
102,90550
106,42
107,8682
112,411
114,818
118,710
121,760
127,60
126,90447
131,29

37
38
39
40
41
42
43
44
45
46
47
48
49
50
51
52
53
54














Cs
Ba

Hf
Ta
W
Re
Os
Ir
Pt
Au
Hg
Tl
Pb
Bi
Po
At
Rn

132,9054519
137,327

178,49
180,94788
183,84
186,207
190,23
192,217
195,084
196,966569
200,59
204,3833
207,2
208,98040
208,9824
209,9871
222,0176

55
56
57-71
72
73
74
75
76
77
78
79
80
81
82
83
84
85
86





Fr
Ra

Rf
Db
Sg
Bh
Hs
Mt
Ds
Rg
Cn
Uut
Fl
Uup
Lv
Uus
Uuo

223,0197
226,0254

263,115
262,1144
266,1219
264,1247
269,1341
268,1388
272,1463
272,1535
277
284
289
288
292
292
294

87
88
89-103
104
105
106
107
108
109
110
111
112
113
114
115
116
117
118





La
Ce
Pr
Nd
Pm
Sm
Eu
Gd
Tb
Dy
Ho
Er
Tm
Yb
Ly

138,90547
140,116
140,90765
144,242
144,9127
150,36
151,964
157,25
158,92535
162,500
164,93032
167,259
168,93421
173,04
174,967

57
58
59
60
61
62
63
64
65
66
67
68
69
70
71









Ac
Th
Pa
U
Np
Pu
Am
Cm
Bk
Cf
Es
Fm
Md
No
Lr

227,0277
232,0386
231,03588
238,02891
237,0482
244,0624
243,0614
247,0703
247,0703
251,0796
252,0830
257,0951
258,0984
259,1011
262,110

89
90
91
92
93
94
95
96
97
98
99
100
101
102
103
